x1,x1_date,x1_normalize,x2,x2_date,x2_normalize,y1,y1_normalize,y2,y2_normalize,m,b,m_normalize,b_normalize,angle,angle_normalize,weeks,mean_error,nb_is_lower,ratio_error_cut,ratio_slope_y1_normalize,ratio_slope_y2_normalize
11809,2015-05-04,0.0,11848,2016-02-01,0.2392638037,82.086,0.0,82.79,0.0021397916,0.0180512821,-131.0815897436,0.0089432316,0.0,1.0341499606,0.5123957663,39,70.6179119762,3,0.6035718972,0.0,0.2392638037
11848,2016-02-01,0.2392638037,11872,2016-07-18,0.3865030675,82.79,0.0021397916,85.89,0.0115621695,0.12916666670000002,-1447.5766666667,0.0639936495,-0.013171572400000001,7.3599541588,3.6615732039,24,65.8955081301,5,0.5491292344,0.0334375618,0.1806768256
11872,2016-07-18,0.3865030675,11881,2016-09-19,0.4417177914,85.89,0.0115621695,95.94,0.0421089105,1.1166666667,-13171.1766666667,0.5532354217000001,-0.2022650181,48.1548428648,28.9529225031,9,47.6267581301,7,0.7559802878,0.020899185100000002,0.07611390900000001
11881,2016-09-19,0.4417177914,11922,2017-07-03,0.6932515337,95.94,0.0421089105,150.18,0.206970128,1.3229268293,-15621.7536585366,0.6554238647,-0.24740347140000002,52.9143762357,33.2417900634,41,45.6672865854,10,0.11138362580000001,0.0642468375,0.3157805798
11922,2017-07-03,0.6932515337,11946,2017-12-18,0.8404907975,150.18,0.206970128,189.94,0.32781972260000003,1.6566666667,-19600.6,0.8207701629,-0.3620300462,58.8839064515,39.3781281478,24,56.1800914634,8,0.292604643,0.2521657553,0.39940501910000004
11946,2017-12-18,0.8404907975,11947,2017-12-25,0.8466257669,189.94,0.32781972260000003,191.96,0.3339594655,2.02,-23940.9800000001,1.000778106,-0.513325066,63.6623118339,45.0222824259,1,76.3450914634,4,19.0862728659,0.3275648424,0.3336998117
11947,2017-12-25,0.8466257669,11967,2018-05-14,0.9693251534,191.96,0.3339594655,324.18,0.7358390779,6.611,-78789.657,3.2753188411,-2.4390098601,81.39847274,73.0218469933,20,335.7365914634,10,1.6786829573,0.10196242920000001,0.22466181570000002
11967,2018-05-14,0.9693251534,11970,2018-06-04,0.9877300613000001,324.18,0.7358390779,360.57,0.8464456359,12.13,-144835.5299999999,6.0096229833,-5.0894396421,85.2871801528,80.5525560967,3,757.9400914634,5,50.5293394309,0.1224434677,0.1408483757
11970,2018-06-04,0.9877300613000001,11972,2018-06-18,1.0,360.57,0.8464456359,411.09,1.0,25.26,-302001.6299999999,12.5146806726,-11.5146806726,87.7329423713,85.4314215708,2,1801.7750914634,3,300.2958485772,0.0676362153,0.0799061539
