index,x1,x1_date,x1_normalize,x2,x2_date,x2_normalize,y1,y1_normalize,y2,y2_normalize,m,b,m_normalize,b_normalize,angle,angle_normalize,weeks,mean_error,nb_is_lower,ratio_error_cut,ratio_slope_y1_normalize,ratio_slope_y2_normalize
11,11632,2011-12-12,0.0,11638,2012-01-23,0.01694915254237288,23.133000000000003,0.0,23.99,0.0067503170364768845,0.14283333333333262,-1638.304333333325,0.3982687051521362,0.0,8.128765448177855,21.71584477149574,6,20.556195774648067,7,0.4894332327297159,0.0,0.01694915254237288
12,11638,2012-01-23,0.01694915254237288,11656,2012-05-28,0.06779661016949153,23.99,0.0067503170364768845,26.748,0.02847420780264183,0.15322222222222237,-1759.210222222224,0.42723651840124394,-0.0004909798855780977,8.711236901523653,23.133942894615625,18,18.77969577464796,8,0.13041455399061083,0.01579995329457593,0.06664741092169457
8,11656,2012-05-28,0.06779661016949153,11779,2014-10-06,0.4152542372881356,26.748,0.02847420780264183,49.705,0.20929921154406608,0.1866422764227642,-2148.7543739837397,0.5204231814997088,-0.006808719756660461,10.572173008658874,27.49351405215358,123,13.666427481965046,4,0.027777291630010255,0.05471356544992369,0.40217119256856776
0,11779,2014-10-06,0.4152542372881356,11891,2016-11-28,0.731638418079096,49.705,0.20929921154406608,74.817,0.4070984664098868,0.22421428571428567,-2591.315071428571,0.6251869305580405,-0.05031231046732362,12.63752740099416,32.013084372835934,112,12.539267203219564,5,0.022391548577177792,0.3347786099067139,0.6511627906976744
9,11891,2016-11-28,0.731638418079096,11895,2016-12-26,0.7429378531073446,74.817,0.4070984664098868,77.089,0.42499428940507417,0.5680000000000014,-6679.271000000016,1.5837803350740824,-0.7516560725284954,29.596575037530442,57.73165723973887,4,40.72969577464754,5,2.036484788732377,0.25704225352112636,0.26834168854937496
10,11895,2016-12-26,0.7429378531073446,11922,2017-07-03,0.8192090395480226,77.089,0.42499428940507417,93.141,0.5514307994045229,0.5945185185185188,-6994.708777777781,1.657723131103883,-0.8065909746636297,30.732267276256565,58.90006400383751,27,43.010288367240236,9,0.17699707147012442,0.2563722985044367,0.3326434849451147
3,11922,2017-07-03,0.8192090395480226,11961,2018-04-02,0.9293785310734464,93.141,0.5514307994045229,117.33,0.7419598761785487,0.620230769230769,-7301.250230769228,1.7294177737950034,-0.8653238740433613,31.80846261950303,59.96224152498325,39,45.91577269772484,7,0.16818964358140967,0.3188534359713865,0.42902292749681026
2,11961,2018-04-02,0.9293785310734464,11983,2018-09-03,0.9915254237288136,117.33,0.7419598761785487,143.2,0.9457296564978692,1.1759090909090906,-13947.718636363632,3.278841010592703,-2.305324565869472,49.621965431081286,73.03903765240423,22,130.3788775928293,11,0.5387556925323524,0.22628723801537043,0.28843413067073764
1,11983,2018-09-03,0.9915254237288136,11986,2018-09-24,1.0,143.2,0.9457296564978692,150.09,1.0,2.2966666666666717,-27377.756666666726,6.403900533251449,-5.403900533251449,66.47103384962955,81.12466380499404,3,325.39069577464755,4,27.115891314553963,0.14768025386829273,0.15615483013947914
