x1,x1_date,x1_normalize,x2,x2_date,x2_normalize,y1,y1_normalize,y2,y2_normalize,m,b,m_normalize,b_normalize,angle,angle_normalize,weeks,mean_error,nb_is_lower,ratio_error_cut,ratio_slope_y1_normalize,ratio_slope_y2_normalize
11638,2012-01-23,0.0,11849,2016-02-08,0.6098265896,18.11,0.0,30.81,0.1263807344,0.0601895735,-682.3762559242,0.20724044600000002,0.0,3.4444530367,11.708262758,211,17.065990535,6,0.0134802453,0.0,0.6098265896
11849,2016-02-08,0.6098265896,11925,2017-07-24,0.8294797688000001,30.81,0.1263807344,56.61,0.3831226988,0.3394736842,-3991.6136842105,1.1688515747000001,-0.5864160351000001,18.7509979866,49.4516681168,76,27.6787867435,13,0.0280149663,0.1081238518,0.327777031
11925,2017-07-24,0.8294797688000001,11946,2017-12-18,0.8901734104000001,56.61,0.3831226988,65.69,0.4734799483,0.4323809524,-5099.5328571429,1.4887432533,-0.8517597108,23.3827360948,56.1104463763,21,38.2702153149,14,0.1301708004,0.25734638790000003,0.3180400295
11946,2017-12-18,0.8901734104000001,11947,2017-12-25,0.8930635838000001,65.69,0.4734799483,66.2,0.47855508010000003,0.51,-6026.7700000001,1.7559956214999999,-1.0896606628,27.0215815912,60.3394605157,1,48.7487867435,5,9.7497573487,0.2696361782,0.2725263516
11947,2017-12-25,0.8930635838000001,11961,2018-04-02,0.9335260116,66.2,0.47855508010000003,79.23,0.6082197234,0.9307142857,-11053.0435714286,3.2045690403,-2.3833288316,42.9447625945,72.6692357393,14,105.9659296007,8,0.9461243714,0.1493352379,0.1897976657
11961,2018-04-02,0.9335260116,11973,2018-06-25,0.9682080925000001,79.23,0.6082197234,92.74,0.7426609613,1.1258333333000001,-13386.8625,3.8763890271,-3.0104902644,48.3875262554,75.5346734646,12,135.2337867435,9,1.2521646921,0.1569036851,0.1915857661
11973,2018-06-25,0.9682080925000001,11978,2018-07-30,0.9826589595,92.74,0.7426609613,99.22,0.8071449896,1.296,-15424.268,4.4622947557,-3.5777689322,52.3460448348,77.3687105257,5,162.8007867435,7,4.6514510498,0.16643027900000001,0.1808811461
11978,2018-07-30,0.9826589595,11983,2018-09-03,0.9971098266,99.22,0.8071449896,113.8,0.9522340531000001,2.916,-34828.628,10.0401632003,-9.0589113345,71.0713369426,84.3121005973,5,433.3407867435,6,14.4446928915,0.0803916205,0.0948424875
11983,2018-09-03,0.9971098266,11984,2018-09-10,1.0,113.8,0.9522340531000001,118.6,1.0,4.8,-57404.6,16.5270176137,-15.5270176137,78.231711068,86.5374266382,1,757.3887867435,2,378.6943933718,0.0576168112,0.0605069846
