x1,x1_date,x1_normalize,x2,x2_date,x2_normalize,y1,y1_normalize,y2,y2_normalize,m,b,m_normalize,b_normalize,angle,angle_normalize,weeks,mean_error,nb_is_lower,ratio_error_cut,ratio_slope_y1_normalize,ratio_slope_y2_normalize
11539,2010-03-01,0.0,11564,2010-08-23,0.056433408600000005,27.721,0.0,30.592,0.0143615345,0.11484000000000001,-1297.41776,0.2544863913,0.0,6.551148567,14.27791754,25,38.3255165766,7,0.21900295190000002,0.0,0.056433408600000005
11564,2010-08-23,0.056433408600000005,11712,2013-06-24,0.3905191874,30.592,0.0143615345,51.581,0.11935430620000001,0.1418175676,-1609.3863513514,0.3142689045,-0.003373731,8.0717218666,17.4463118715,148,33.0244245495,7,0.031876857700000004,0.0456982358,0.3797840146
11712,2013-06-24,0.3905191874,11862,2016-05-09,0.7291196388000001,51.581,0.11935430620000001,87.153,0.2972952693,0.2371466667,-2725.88076,0.5255189778,-0.0858709379,13.3410533591,27.7227781574,150,28.4009632432,3,0.0631132517,0.2271170238,0.5657174753
11862,2016-05-09,0.7291196388000001,11868,2016-06-20,0.7426636569,87.153,0.2972952693,89.928,0.31117658530000003,0.4625,-5399.022,1.0249038312,-0.4499822419,24.8205413355,45.7046322225,6,51.2743265766,3,2.8485736987,0.2900713806,0.30361539870000004
11868,2016-06-20,0.7426636569,11891,2016-11-28,0.7945823928,89.928,0.31117658530000003,106.93,0.3962252825,0.7392173913000001,-8683.104,1.6381118626,-0.9053895609,36.4724562682,58.5976493584,23,81.0214461418,11,0.3202428701,0.1899605225,0.24187925840000002
11891,2016-11-28,0.7945823928,11964,2018-04-23,0.9593679458000001,106.93,0.3962252825,161.13,0.6673486436,0.7424657534,-8721.7302739726,1.64531026,-0.9111092808000001,36.592621511,58.7092636188,73,81.4453573985,11,0.1014263479,0.2408210124,0.4056065654
11964,2018-04-23,0.9593679458000001,11977,2018-07-23,0.9887133183000001,161.13,0.6673486436,190.31,0.8133150584000001,2.2446153846,-26693.4484615385,4.9740862862,-4.1046302991,65.986519944,78.6326759073,13,387.1328073458,6,4.9632411198,0.1341650718,0.1635104442
11977,2018-07-23,0.9887133183000001,11981,2018-08-20,0.9977426637000001,190.31,0.8133150584000001,216.16,0.9426238939,6.4625,-77211.0525,14.3209535339,-13.3460024311,81.2038777622,86.005648105,4,1300.3048265766,5,65.0152413288,0.056791962700000004,0.06582130800000001
11981,2018-08-20,0.9977426637000001,11982,2018-08-27,1.0,216.16,0.9426238939,227.63,1.0,11.47,-137205.91,25.4176150148,-24.4176150148,85.0173261741,87.7469858977,1,2404.4585765766,2,1202.2292882883,0.037085458,0.039342794300000004
